2586500.0 282654.4021300181
2148225.1509209606 282835.89001932787
2078225.0 283169.6923294933
2078225.0 283169.69232949335
2078225.0 283169.6923294933
2078225.0 283169.6923294933
2078225.0 283169.69232949323
1507350.0 299869.53688713064
1507350.0 299869.53688713064
1004899.9999999742 322081.3896587853
1004900.0 322081.38965870644
502450.0 356084.1695227165
502450.0 356084.16952271643
251225.0 383727.97042396566
251225.0 383727.97042396566
251225.0 383727.97042396566
251225.0 383727.97042396566
0.0 449358.5714285714
0.0 449358.5714285714
0.0 449358.5714285714
0.0 449358.5714285714
