MaxDelay, MinDelay and MaxCost 
0.0 1128373.5714285714 0.0
2568725.0 802116.2087158435 9.999420142642432E-5
cost delay gap
2583350.0 802116.2087158435 0.0
2512250.0 802116.2087158435 0.008508214721956033
2512250.0 802119.1710672943 3.713426920545264E-5
2512250.0 802117.4132589161 7.540322042378947E-5
1758575.0 851507.8538838592 0.0024522123205270316
1004900.0 923555.8443391455 0.0029118006999316742
502450.0 990926.7767095934 9.986541894972633E-5
251225.0 1041120.3552750078 9.342953526930746E-5
0.0 1128373.5714285714 0.0
0.0 1128373.5714285714 0.0
0.0 1128373.5714285714 0.0
