MaxDelay, MinDelay and MaxCost 
0.0 877627.8571428572 0.0
2516975.0 612056.8500868012 6.753224568160878E-5
cost delay gap
2583350.0 612192.6622142401 0.9999998044477607
2512250.0 612071.205717966 4.871789964398238E-4
2261025.0 617886.3662255314 9.999885884342845E-5
2261025.0 617886.3662255314 9.999646621433807E-5
1324550.0 673534.3438326189 9.99850432946485E-5
753675.0 723427.3475308985 9.990445552588178E-5
251225.0 795663.5858181809 9.985065010574299E-5
251225.0 795663.5858181809 9.275722670053129E-5
0.0 877627.8571428572 0.0
0.0 877627.8571428572 0.0
0.0 877627.8571428572 0.0
