MaxDelay, MinDelay and MaxCost 
0.0 661254.2857142857 0.0
2278800.0 439763.81756889424 9.922917860861921E-5
cost delay gap
2570300.0 439763.8175688937 0.0
2261025.0 439763.81756889424 0.01743204749296908
2009800.0 445149.12574629375 0.016846047905227587
2009800.0 445149.1257462942 9.96799278288503E-5
1324550.0 478905.6522405297 9.999584975530297E-5
753675.0 517765.93478430953 0.009926611216835924
251225.0 579593.0648083538 9.97622467092265E-5
251225.0 579593.0648083538 1.2533245064521368E-5
0.0 661254.2857142857 0.0
0.0 661254.2857142857 0.0
0.0 661254.2857142857 0.0
