MaxDelay, MinDelay and MaxCost 
0.0 750749.2857142858 0.0
2516975.0 518299.2821559789 9.996373142580585E-5
cost delay gap
2547800.0 518299.28215597844 0.0
2512250.0 518297.70054891135 6.134807671313206E-5
2512250.0 518299.2821559789 0.0
2512250.0 518297.70054891135 6.582716259188377E-4
1507350.0 562714.3035564609 9.998412564466523E-5
753675.0 618309.1023806707 0.007013329597676008
251225.0 674464.4472334433 8.820222430577051E-5
251225.0 674464.4472334433 0.0
68425.0 723641.8030443095 0.0
0.0 750749.2857142858 0.0
0.0 750749.2857142858 0.0
