MaxDelay, MinDelay and MaxCost 
0.0 150818.57142857142 0.0
2512250.0 95143.80664964207 6.51843009611414E-5
cost delay gap
2029150.0 95143.80664964207 0.0
844900.0000000002 95233.06054270144 0.0
753675.0 95482.82665078336 0.0
753675.0 95482.82665078336 9.693301267288274E-5
753675.0 95482.82665078336 5.6528885821147945E-5
753675.0 95482.82665078336 8.562601151361966E-5
502450.0 101401.08348282074 0.0
502450.0 101401.08348282074 0.0
251225.0 117967.62641249772 0.0
0.0 150818.57142857142 0.0
0.0 150818.57142857142 0.0
