MaxDelay, MinDelay and MaxCost 
0.0 1632922.1428571432 0.0
2589650.0 1278518.706338649 9.99999362355905E-5
cost delay gap
2636675.0 1278518.706338649 0.0
2512250.0 1278587.910968778 0.0018083059237605753
2512250.0 1278577.5118095018 6.836927736231845E-4
2512250.0 1278518.706338649 9.984534991973997E-5
1507350.0 1355198.4310770996 0.0046970651438046065
1004900.0 1416258.260184239 0.015525431931974452
251225.0 1539346.1461961116 9.951443979636474E-5
251225.0 1539346.1461961116 0.0
0.0 1632922.1428571432 0.0
0.0 1632922.1428571432 0.0
0.0 1632922.1428571432 0.0
