MaxDelay, MinDelay and MaxCost 
0.0 1434521.4285714284 0.0
2583350.0 1096347.3683893152 9.999438006070821E-5
cost delay gap
2565575.0 1096452.3131365876 0.9999996777438903
2512250.0 1096374.5651173738 7.437314591603306E-4
2512250.0 1096392.6388191115 5.503204415580167E-4
2512250.0 1096394.902276303 0.010277411857784885
1758575.0 1146036.7711618245 0.005323075402554875
1004900.0 1223930.786359255 0.014149410550984112
502450.0 1296997.259166492 0.01116567405337459
251225.0 1347089.491891427 9.98935067557134E-5
0.0 1434521.4285714284 0.0
0.0 1434521.4285714284 0.0
0.0 1434521.4285714284 0.0
