MaxDelay, MinDelay and MaxCost 
0.0 1161763.5714285716 0.0
2586500.0 883856.6332706203 0.0051298614716003
cost delay gap
2602700.0 883857.5892061047 0.999970927778105
2512250.0 883856.6332706203 0.013481609467900332
2432250.0 885449.3704982119 0.02002907299859722
2261025.0 890015.1776231267 3.821219234355602E-6
1256125.0 945780.6677737808 9.977586703494129E-5
1004900.0 968169.5816363624 0.01436701071754611
502450.0 1029546.9144613823 9.94792036236346E-5
251225.0 1079702.5271051885 9.854386811921881E-5
0.0 1161763.5714285716 0.0
0.0 1161763.5714285716 0.0
0.0 1161763.5714285716 0.0
