MaxDelay, MinDelay and MaxCost 
0.0 268657.14285714284 0.0
2526425.0 157835.64922821772 0.0
cost delay gap
2533175.0 157835.64922821772 0.0
1427350.0 158183.9193797241 9.619832306125577E-5
1427350.0 158183.9193797241 9.989731786602386E-5
1377350.0 158782.91081462838 9.996362036294761E-5
1377350.0 158782.91081462838 9.99927318897425E-5
1073325.0 170110.24520353109 9.99992473656918E-5
570875.0 196854.16596666118 9.985080228034576E-5
251225.0 219360.64795792487 9.109719166648691E-5
251225.0 219360.64795792487 9.213227923662126E-5
0.0 268657.14285714284 0.0
0.0 268657.14285714284 0.0
