MaxDelay, MinDelay and MaxCost 
0.0 1581554.2857142857 0.0
2618900.0 1233122.0082475631 9.999844936442736E-5
cost delay gap
2601125.0 1233192.4946592003 0.9999995056747859
2512250.0 1233150.619188297 7.697999512509411E-4
2512250.0 1233157.2961567757 4.2212418463010093E-4
2512250.0 1233122.008247563 0.006273444273264719
1507350.0 1304139.299360068 9.999509177130116E-5
753675.0 1387962.0971444384 0.0067925772703570945
502450.0 1426994.4936167723 0.0056061930967942365
251225.0 1482705.533173741 9.700349413254688E-5
0.0 1581554.2857142857 0.0
0.0 1581554.2857142857 0.0
0.0 1581554.2857142857 0.0
