MaxDelay, MinDelay and MaxCost 
0.0 479149.28571428574 0.0
2541050.0 339915.97782390827 0.0
cost delay gap
2567150.0 339915.97782390827 0.0
1507350.0000000005 340410.887011737 8.418815693426627E-5
1507350.0 340410.887011737 9.994609516831169E-5
1507350.0 340410.887011737 9.993339030793778E-5
1324550.0 346294.3731703484 9.93920528214045E-5
753675.0 374160.65450705035 9.947766253897798E-5
502450.0 391175.56774268346 8.223920052793647E-5
251225.0 418873.21387254854 9.634022375061491E-5
251225.0 418873.21387254854 0.0
0.0 479149.28571428574 0.0
0.0 479149.28571428574 0.0
