MaxDelay, MinDelay and MaxCost 
0.0 1023019.9999999999 0.0
2657600.0 740402.3305981308 6.773635121062264E-5
cost delay gap
2565575.0 740402.3305981306 0.0
2512250.0 740402.3305981306 0.0
2512250.0 740407.1734760803 7.250358408252313E-5
2512250.0 740411.9900646255 8.435692449556355E-5
1758575.0 784894.1474471968 0.007078518788138299
1256125.0 829082.9062056531 0.01557390680608494
502450.0 919041.6817140131 9.998771491893242E-5
0.0 1023019.9999999999 7.381496880325165E-5
0.0 1023019.9999999999 0.0
0.0 1023019.9999999999 0.0
0.0 1023019.9999999999 0.0
