MaxDelay, MinDelay and MaxCost 
0.0 1038795.7142857141 0.0
2549375.0 756460.2953509411 1.5897074224499176E-4
cost delay gap
2547800.0 756955.3919938839 0.9999999429677043
2512250.0 756834.638899442 0.011964400943466465
2512250.0 756807.2912071139 0.006477342979182382
2261025.0 772188.964423657 0.03444858548402539
1507350.0 822571.6484194741 9.999217963718593E-5
753675.0 889783.4912644245 9.999599629379031E-5
502450.0 923097.8715039976 9.999888146487674E-5
251225.0 966977.2671254575 9.529173990221623E-5
0.0 1038795.7142857141 0.0
0.0 1038795.7142857141 0.0
0.0 1038795.7142857141 0.0
