MaxDelay, MinDelay and MaxCost 
0.0 562870.7142857143 0.0
2537900.0 375066.0935413718 9.917324885207516E-5
cost delay gap
2601125.0 375066.09354137187 0.0
2512250.0 375066.09354137187 0.0
2512250.0 375066.09354137187 0.0
2512250.0 375066.09354137187 9.162992345120826E-5
1507350.0 413255.27702013566 9.944505761805682E-5
502450.0 474781.84549712046 9.99994653463672E-5
502450.0 474781.84549712046 0.0
251225.0 508185.41412622837 9.798031131195748E-5
0.0 562870.7142857143 0.0
0.0 562870.7142857143 0.0
0.0 562870.7142857143 0.0
