MaxDelay, MinDelay and MaxCost 
0.0 449358.5714285714 0.0
2558825.0 282654.40213001694 0.0
cost delay gap
2586500.0 282654.4021300181 0.0
2078225.0 283169.6923294933 9.940616801688406E-5
2078225.0 283169.6923294933 9.981075255026544E-5
2078225.0 283169.69232949323 9.99901767575665E-5
1507350.0 299869.53688713064 0.00479957911243463
1004900.0 322081.38965870644 9.80263422938435E-5
502450.0 356084.16952271643 7.691310109395423E-5
251225.0 383727.97042396566 0.0
251225.0 383727.97042396566 0.0
0.0 449358.5714285714 0.0
0.0 449358.5714285714 0.0
