MaxDelay, MinDelay and MaxCost 
0.0 1333612.142857143 0.0
2570300.0 1005612.6553461936 4.0063600475741856E-5
cost delay gap
2601125.0 1005612.6553461936 0.0
2512250.0 1005729.1455413627 0.003259580777029389
2512250.0 1005729.1171858351 0.0014509779876361356
2512250.0 1005719.80916653 7.792802537675205E-4
2009800.0 1044249.8292240808 0.003169324563220748
1004900.0 1139652.7696692578 0.001550067877995718
251225.0 1252126.3508518308 8.671525300106629E-5
251225.0 1252126.3508518308 0.0
0.0 1333612.142857143 0.0
0.0 1333612.142857143 0.0
0.0 1333612.142857143 0.0
