MaxDelay, MinDelay and MaxCost 
0.0 1295751.4285714286 0.0
2638250.0 996892.3783605817 0.004515021828363327
cost delay gap
2583350.0 996892.188457921 0.9998426434904559
2512250.0 997042.5258017139 0.02173856082275463
2512250.0 996892.9979999868 8.709273256100197E-6
2261025.0 1008709.6274983394 0.007002814523456936
2009800.0 1025310.0714510495 0.001820524869060132
753675.0 1146921.5996042707 0.005470533573697423
251225.0 1219410.8233756886 9.753813510636411E-5
251225.0 1219410.8233756886 0.0
0.0 1295751.4285714286 0.0
0.0 1295751.4285714286 0.0
0.0 1295751.4285714286 0.0
