MaxDelay, MinDelay and MaxCost 
0.0 744575.7142857142 0.0
2554100.0 484240.0332235363 9.957145758263099E-5
cost delay gap
2602700.0 484240.0332235358 0.0
2512250.0 484240.0332235363 0.0
2512250.0 484245.1304721707 7.961640755255495E-5
2009800.0 506010.5187866866 9.999634753076749E-5
1507350.0 533600.077221776 9.99204915029032E-5
753675.0 595233.8076916806 0.006611253202401062
502450.0 623594.1111562449 9.998980554874875E-5
251225.0 662724.5877432422 5.234015955728236E-5
0.0 744575.7142857142 0.0
0.0 744575.7142857142 0.0
0.0 744575.7142857142 0.0
