MaxDelay, MinDelay and MaxCost 
0.0 303850.7142857143 0.0
2045350.0 220418.78449313506 0.0
cost delay gap
1794125.0 220418.78449313506 0.0
822100.0 220958.71890179714 4.9498237889924184E-6
822100.0 220958.71890179714 9.893194480605833E-5
822100.0 220958.71890179714 9.88184080814215E-5
822100.0 220958.71890179714 9.930135798236529E-5
822100.0 220958.71890179714 8.731744558397341E-5
502450.0 237967.57723713116 9.810256203841752E-5
251225.0 260090.70744257272 5.1825869660823125E-5
251225.0 260090.7074425727 0.0
0.0 303850.7142857143 0.0
0.0 303850.7142857143 0.0
