MaxDelay, MinDelay and MaxCost 
0.0 1581554.2857142857 0.0
2567150.0 1233406.6205289818 4.0880834633409436E-4
cost delay gap
2636675.0 1233757.0586300136 0.9999999006469787
2512250.0 1233392.9061855604 3.62147195247456E-4
2512250.0 1233413.0140878092 0.01068528758423238
2512250.0 1233508.288017378 0.011107534864347403
1507350.0 1304139.299360068 0.016314383129659788
753675.0 1387975.942503372 0.009636264086968653
502450.0 1426994.4936167723 0.0041967885093405774
251225.0 1482705.533173741 9.858561068606077E-5
0.0 1581554.2857142857 0.0
0.0 1581554.2857142857 0.0
0.0 1581554.2857142857 0.0
